    //Armas// 01
arma1  000 000 000 000 : 01
arma2  000 000 000 000 : 02
arma3  000 000 000 000 : 03
arma4  000 000 000 000 : 04
arma5  000 000 000 000 : 05
arma6  000 000 000 000 : 06
arma7  000 000 000 000 : 07
arma8  000 000 000 000 : 08
arma9  000 000 000 000 : 09
arma10 000 000 000 000 : 10

   //Capacete// 02
capacete1  000 000 000 000 : 01
capacete2  000 000 000 000 : 02
capacete3  000 000 000 000 : 03
capacete4  000 000 000 000 : 04
capacete5  000 000 000 000 : 05
capacete6  000 000 000 000 : 06
capacete7  000 000 000 000 : 07
capacete8  000 000 000 000 : 08
capacete9  000 000 000 000 : 09
capacete10 000 000 000 000 : 10

    //Armadura// 03
armadura1  000 000 000 000 01
armadura2  000 000 000 000 02
armadura3  000 000 000 000 03
armadura4  000 000 000 000 04
armadura5  000 000 000 000 05
armadura6  000 000 000 000 06
armadura7  000 000 000 000 07
armadura8  000 000 000 000 08
armadura9  000 000 000 000 09
armadura10 000 000 000 000 10

  //Luvas// 04
luva1  000 000 000 000 01
luva2  000 000 000 000 02
luva3  000 000 000 000 03
luva4  000 000 000 000 04
luva5  000 000 000 000 05
luva6  000 000 000 000 06
luva7  000 000 000 000 07
luva8  000 000 000 000 08
luva9  000 000 000 000 09
luva10 000 000 000 000 10

   //Botas// 05
Bota1  000 000 000 000 01
Bota2  000 000 000 000 02
Bota3  000 000 000 000 03
Bota4  000 000 000 000 04
Bota5  000 000 000 000 05
Bota6  000 000 000 000 06
Bota7  000 000 000 000 07
Bota8  000 000 000 000 08
Bota9  000 000 000 000 09
Bota10 000 000 000 000 10

///




